mtllib space_station.mtl 
o 000_CentralPod
g CentralPod
usemtl _100001
v -100.000 100.000 -100.000
v 100.000 -100.000 -100.000
v 100.000 100.000 -100.000
v 100.000 100.000 100.000
v -100.000 100.000 100.000
v -0.616 100.000 100.000
v 100.000 -100.000 100.000
v -100.000 -100.000 100.000
v 0.000 100.000 -100.000
v 100.000 100.000 0.000
v -100.000 100.000 0.000
v 100.000 -0.117 100.000
v 100.000 -100.000 0.000
v 100.000 -100.000 0.000
v 100.000 -0.117 100.000
v 100.000 0.000 -100.000
v 100.000 0.000 -100.000
v -100.000 -100.000 -100.000
v 0.000 -100.000 100.000
v -100.000 -100.000 0.000
v 0.000 -100.000 -100.000
v -100.000 0.433 100.000
v -100.000 0.000 -100.000
vn 0.000 1.000 0.000
vn 0.000 0.000 -1.000
vn -1.000 0.000 0.000
vn 1.000 0.000 0.000
vn 0.000 -1.000 0.000
vn 0.000 0.000 -1.000
vn 0.000 1.000 0.000
vn 1.000 0.000 0.000
vn 0.000 0.000 -1.000
vn 0.000 1.000 0.000
vn 1.000 0.000 0.000
vn 0.000 1.000 0.000
vn -1.000 0.000 0.000
vn 0.000 1.000 0.000
vn 1.000 0.000 0.000
vn 0.000 -1.000 0.000
vn 0.000 -1.000 0.000
vn -1.000 0.000 0.000
vn 0.000 1.000 0.000
vn 0.000 0.000 -1.000
vn 0.000 1.000 0.000
vn 1.000 0.000 0.000
vn 0.000 1.000 0.000
vn -1.000 0.000 0.000
vn 1.000 0.000 0.000
vn 1.000 0.000 0.000
vn 0.000 -1.000 0.000
vn 1.000 0.000 0.000
vn 1.000 0.000 0.000
vn 1.000 0.000 0.000
vn 0.000 0.000 -1.000
vn 0.000 -1.000 0.000
vn 0.000 0.000 -1.000
vn -1.000 0.000 0.000
vn 0.000 -1.000 0.000
vn 0.000 -1.000 0.000
vn -1.000 0.000 0.000
vn 0.000 -1.000 0.000
vn 0.000 0.000 -1.000
vn -1.000 0.000 0.000
vn 0.000 0.000 -1.000
vn -1.000 0.000 0.000
f 3//7 9//19 10//21 
f 5//12 6//14 11//23 
f 4//10 10//21 6//14 
f 1//1 11//23 9//19 
f 4//11 15//28 10//22 
f 12//25 15//28 7//15 14//26 
f 2//4 17//30 14//26 
f 3//8 10//22 16//29 17//30 
f 7//16 19//35 14//27 
f 8//17 20//36 19//35 
f 18//32 21//38 20//36 
f 2//5 14//27 21//38 
f 3//9 17//31 2//6 21//39 18//33 23//41 1//2 9//20 
f 18//34 20//37 23//42 
f 1//3 23//42 11//24 
f 8//18 5//13 11//24 22//40 20//37 
o 001_CentralWindow
g CentralWindow
usemtl _100002
v -100.000 100.000 100.000
v -100.000 -100.000 100.000
v 100.000 -100.000 100.000
v 100.000 100.000 100.000
v -30.000 30.000 140.000
v -40.000 0.000 140.000
v -30.000 -30.000 140.000
v 0.000 -40.000 140.000
v 30.000 -30.000 140.000
v 40.000 0.000 140.000
v 30.000 30.000 140.000
v 0.000 40.000 140.000
v -100.000 0.433 100.000
v -0.616 100.000 100.000
v 100.000 -0.117 100.000
v 0.258 -100.000 100.000
vn -0.290 0.290 0.912
vn -0.290 -0.290 0.912
vn 0.290 -0.290 0.912
vn 0.290 0.290 0.912
vn -0.194 0.194 0.962
vn -0.350 0.000 0.937
vn -0.194 -0.194 0.962
vn 0.000 -0.350 0.937
vn 0.194 -0.194 0.962
vn 0.350 0.000 0.937
vn 0.194 0.194 0.962
vn -0.000 0.350 0.937
vn -0.509 0.000 0.861
vn -0.000 0.509 0.861
vn 0.509 0.000 0.861
vn 0.000 -0.509 0.861
f 28//47 29//48 30//49 31//50 32//51 33//52 34//53 35//54 
f 28//47 24//43 36//55 29//48 
f 29//48 36//55 25//44 30//49 
f 32//51 26//45 38//57 33//52 
f 33//52 38//57 27//46 34//53 
f 30//49 25//44 39//58 31//50 
f 31//50 39//58 26//45 32//51 
f 35//54 37//56 24//43 28//47 
f 34//53 27//46 37//56 35//54 
o 002_Spoke1
g Spoke1
usemtl _100003
v 100.000 100.000 0.000
v 100.000 0.000 100.000
v 100.000 -100.000 0.000
v 100.000 0.000 -100.000
v 2100.000 100.000 0.000
v 2100.000 0.000 100.000
v 2100.000 -100.000 0.000
v 2100.000 0.000 -100.000
v 2100.000 90.000 0.000
v 2100.000 0.000 90.000
v 2100.000 -90.000 0.000
v 2100.000 0.000 -90.000
v 100.000 90.000 0.000
v 100.000 0.000 90.000
v 100.000 -90.000 0.000
v 100.000 0.000 -90.000
vn 0.000 0.707 0.707
vn 0.000 0.707 -0.707
vn -1.000 0.000 0.000
vn 0.000 0.707 0.707
vn 0.000 -0.707 0.707
vn -1.000 0.000 0.000
vn 0.000 -0.707 0.707
vn 0.000 -0.707 -0.707
vn -1.000 0.000 0.000
vn 0.000 -0.707 -0.707
vn 0.000 0.707 -0.707
vn -1.000 0.000 0.000
vn 0.000 0.707 0.707
vn 0.000 0.707 -0.707
vn 1.000 0.000 0.000
vn 0.000 0.707 0.707
vn 0.000 -0.707 0.707
vn 1.000 0.000 0.000
vn 0.000 -0.707 0.707
vn 0.000 -0.707 -0.707
vn 1.000 0.000 0.000
vn 0.000 -0.707 -0.707
vn 0.000 0.707 -0.707
vn 1.000 0.000 0.000
vn 1.000 0.000 0.000
vn 0.000 -0.707 -0.707
vn 0.000 -0.707 0.707
vn 1.000 0.000 0.000
vn 0.000 -0.707 -0.707
vn 0.000 0.707 -0.707
vn 1.000 0.000 0.000
vn 0.000 0.707 -0.707
vn 0.000 0.707 0.707
vn 1.000 0.000 0.000
vn 0.000 0.707 0.707
vn 0.000 -0.707 0.707
vn 0.000 -0.707 -0.707
vn 0.000 -0.707 0.707
vn -1.000 0.000 0.000
vn 0.000 -0.707 -0.707
vn 0.000 0.707 -0.707
vn -1.000 0.000 0.000
vn 0.000 0.707 -0.707
vn 0.000 0.707 0.707
vn -1.000 0.000 0.000
vn 0.000 0.707 0.707
vn 0.000 -0.707 0.707
vn -1.000 0.000 0.000
f 40//59 41//62 45//74 44//71 
f 41//63 42//65 46//77 45//75 
f 42//66 43//68 47//80 46//78 
f 43//69 40//60 44//72 47//81 
f 44//73 45//76 49//86 48//83 
f 45//76 46//79 50//89 49//86 
f 46//79 47//82 51//92 50//89 
f 47//82 44//73 48//83 51//92 
f 48//84 49//87 53//98 52//95 
f 49//88 50//90 54//101 53//99 
f 50//91 51//93 55//104 54//102 
f 51//94 48//85 52//96 55//105 
f 52//97 53//100 41//64 40//61 
f 53//100 54//103 42//67 41//64 
f 54//103 55//106 43//70 42//67 
f 55//106 52//97 40//61 43//70 
o 003_Spoke2
g Spoke2
usemtl _100004
v -100.000 100.000 0.000
v -100.000 0.000 100.000
v -100.000 -100.000 0.000
v -100.000 0.000 -100.000
v -2100.000 100.000 0.000
v -2100.000 0.000 100.000
v -2100.000 -100.000 0.000
v -2100.000 0.000 -100.000
v -2100.000 90.000 0.000
v -2100.000 0.000 90.000
v -2100.000 -90.000 0.000
v -2100.000 0.000 -90.000
v -100.000 90.000 0.000
v -100.000 0.000 90.000
v -100.000 -90.000 0.000
v -100.000 0.000 -90.000
vn 0.000 0.707 0.707
vn 0.000 0.707 -0.707
vn 1.000 0.000 0.000
vn 0.000 0.707 0.707
vn 0.000 -0.707 0.707
vn 1.000 0.000 0.000
vn 0.000 -0.707 0.707
vn 0.000 -0.707 -0.707
vn 1.000 0.000 0.000
vn 0.000 -0.707 -0.707
vn 0.000 0.707 -0.707
vn 1.000 0.000 0.000
vn 0.000 0.707 0.707
vn 0.000 0.707 -0.707
vn -1.000 0.000 0.000
vn 0.000 0.707 0.707
vn 0.000 -0.707 0.707
vn -1.000 0.000 0.000
vn 0.000 -0.707 0.707
vn 0.000 -0.707 -0.707
vn -1.000 0.000 0.000
vn 0.000 -0.707 -0.707
vn 0.000 0.707 -0.707
vn -1.000 0.000 0.000
vn -1.000 0.000 0.000
vn 0.000 -0.707 -0.707
vn 0.000 -0.707 0.707
vn -1.000 0.000 0.000
vn 0.000 -0.707 -0.707
vn 0.000 0.707 -0.707
vn -1.000 0.000 0.000
vn 0.000 0.707 -0.707
vn 0.000 0.707 0.707
vn -1.000 0.000 0.000
vn 0.000 0.707 0.707
vn 0.000 -0.707 0.707
vn 0.000 -0.707 -0.707
vn 0.000 -0.707 0.707
vn 1.000 0.000 0.000
vn 0.000 -0.707 -0.707
vn 0.000 0.707 -0.707
vn 1.000 0.000 0.000
vn 0.000 0.707 -0.707
vn 0.000 0.707 0.707
vn 1.000 0.000 0.000
vn 0.000 0.707 0.707
vn 0.000 -0.707 0.707
vn 1.000 0.000 0.000
f 60//119 61//122 57//110 56//107 
f 61//123 62//125 58//113 57//111 
f 62//126 63//128 59//116 58//114 
f 63//129 60//120 56//108 59//117 
f 64//131 65//134 61//124 60//121 
f 65//134 66//137 62//127 61//124 
f 66//137 67//140 63//130 62//127 
f 67//140 64//131 60//121 63//130 
f 68//143 69//146 65//135 64//132 
f 69//147 70//149 66//138 65//136 
f 70//150 71//152 67//141 66//139 
f 71//153 68//144 64//133 67//142 
f 56//109 57//112 69//148 68//145 
f 57//112 58//115 70//151 69//148 
f 58//115 59//118 71//154 70//151 
f 59//118 56//109 68//145 71//154 
o 004_Spoke3
g Spoke3
usemtl _100005
v -100.000 -100.000 0.000
v 0.000 -100.000 100.000
v 100.000 -100.000 0.000
v 0.000 -100.000 -100.000
v -100.000 -2100.000 0.000
v 0.000 -2100.000 100.000
v 100.000 -2100.000 0.000
v 0.000 -2100.000 -100.000
v -90.000 -2100.000 0.000
v 0.000 -2100.000 90.000
v 90.000 -2100.000 0.000
v 0.000 -2100.000 -90.000
v -90.000 -100.000 0.000
v 0.000 -100.000 90.000
v 90.000 -100.000 0.000
v 0.000 -100.000 -90.000
vn -0.707 0.000 0.707
vn -0.707 0.000 -0.707
vn 0.000 1.000 0.000
vn -0.707 0.000 0.707
vn 0.707 0.000 0.707
vn 0.000 1.000 0.000
vn 0.707 0.000 0.707
vn 0.707 0.000 -0.707
vn 0.000 1.000 0.000
vn 0.707 0.000 -0.707
vn -0.707 0.000 -0.707
vn 0.000 1.000 0.000
vn -0.707 0.000 0.707
vn -0.707 0.000 -0.707
vn 0.000 -1.000 0.000
vn -0.707 0.000 0.707
vn 0.707 0.000 0.707
vn 0.000 -1.000 0.000
vn 0.707 0.000 0.707
vn 0.707 0.000 -0.707
vn 0.000 -1.000 0.000
vn 0.707 0.000 -0.707
vn -0.707 0.000 -0.707
vn 0.000 -1.000 0.000
vn 0.000 -1.000 0.000
vn 0.707 0.000 -0.707
vn 0.707 0.000 0.707
vn 0.000 -1.000 0.000
vn 0.707 0.000 -0.707
vn -0.707 0.000 -0.707
vn 0.000 -1.000 0.000
vn -0.707 0.000 -0.707
vn -0.707 0.000 0.707
vn 0.000 -1.000 0.000
vn -0.707 0.000 0.707
vn 0.707 0.000 0.707
vn 0.707 0.000 -0.707
vn 0.707 0.000 0.707
vn 0.000 1.000 0.000
vn 0.707 0.000 -0.707
vn -0.707 0.000 -0.707
vn 0.000 1.000 0.000
vn -0.707 0.000 -0.707
vn -0.707 0.000 0.707
vn 0.000 1.000 0.000
vn -0.707 0.000 0.707
vn 0.707 0.000 0.707
vn 0.000 1.000 0.000
f 76//167 77//170 73//158 72//155 
f 77//171 78//173 74//161 73//159 
f 78//174 79//176 75//164 74//162 
f 79//177 76//168 72//156 75//165 
f 80//179 81//182 77//172 76//169 
f 81//182 82//185 78//175 77//172 
f 82//185 83//188 79//178 78//175 
f 83//188 80//179 76//169 79//178 
f 84//191 85//194 81//183 80//180 
f 85//195 86//197 82//186 81//184 
f 86//198 87//200 83//189 82//187 
f 87//201 84//192 80//181 83//190 
f 72//157 73//160 85//196 84//193 
f 73//160 74//163 86//199 85//196 
f 74//163 75//166 87//202 86//199 
f 75//166 72//157 84//193 87//202 
o 005_Spoke4
g Spoke4
usemtl _100006
v -100.000 100.000 0.000
v 0.000 100.000 100.000
v 100.000 100.000 0.000
v 0.000 100.000 -100.000
v -100.000 2100.000 0.000
v 0.000 2100.000 100.000
v 100.000 2100.000 0.000
v 0.000 2100.000 -100.000
v -90.000 2100.000 0.000
v 0.000 2100.000 90.000
v 90.000 2100.000 0.000
v 0.000 2100.000 -90.000
v -90.000 100.000 0.000
v 0.000 100.000 90.000
v 90.000 100.000 0.000
v 0.000 100.000 -90.000
vn -0.707 0.000 0.707
vn -0.707 0.000 -0.707
vn 0.000 -1.000 0.000
vn -0.707 0.000 0.707
vn 0.707 0.000 0.707
vn 0.000 -1.000 0.000
vn 0.707 0.000 0.707
vn 0.707 0.000 -0.707
vn 0.707 0.000 -0.707
vn -0.707 0.000 -0.707
vn 0.000 -1.000 0.000
vn -0.707 0.000 0.707
vn -0.707 0.000 -0.707
vn 0.000 1.000 0.000
vn -0.707 0.000 0.707
vn 0.707 0.000 0.707
vn 0.000 1.000 0.000
vn 0.707 0.000 0.707
vn 0.707 0.000 -0.707
vn 0.000 1.000 0.000
vn 0.707 0.000 -0.707
vn -0.707 0.000 -0.707
vn 0.000 1.000 0.000
vn 0.000 1.000 0.000
vn 0.707 0.000 -0.707
vn 0.707 0.000 0.707
vn 0.000 1.000 0.000
vn 0.707 0.000 -0.707
vn -0.707 0.000 -0.707
vn 0.000 1.000 0.000
vn -0.707 0.000 -0.707
vn -0.707 0.000 0.707
vn 0.000 1.000 0.000
vn -0.707 0.000 0.707
vn 0.707 0.000 0.707
vn 0.707 0.000 -0.707
vn 0.707 0.000 0.707
vn 0.000 -1.000 0.000
vn 0.707 0.000 -0.707
vn -0.707 0.000 -0.707
vn 0.000 -1.000 0.000
vn -0.707 0.000 -0.707
vn -0.707 0.000 0.707
vn -0.707 0.000 0.707
vn 0.707 0.000 0.707
vn 0.000 -1.000 0.000
f 88//203 89//206 93//217 92//214 
f 89//207 90//209 94//220 93//218 
f 90//210 91//211 95//223 94//221 
f 91//212 88//204 92//215 95//224 
f 92//216 93//219 97//229 96//226 
f 93//219 94//222 98//232 97//229 
f 94//222 95//225 99//235 98//232 
f 95//225 92//216 96//226 99//235 
f 96//227 97//230 101//241 100//238 
f 97//231 98//233 102//244 101//242 
f 98//234 99//236 103//246 102//245 
f 99//237 96//228 100//239 103//247 
f 100//240 101//243 89//208 88//205 
f 103//248 100//240 88//205 91//213 
o 006_Wheel
g Wheel
usemtl _100007
v 1948.557 1125.000 86.603
v 2250.000 0.000 86.603
v 2300.000 0.000 0.000
v 1991.858 1150.000 0.000
v 1861.955 1075.000 86.603
v 2150.000 0.000 86.603
v 1818.653 1050.000 0.000
v 1861.955 1075.000 -86.603
v 2150.000 0.000 -86.603
v 1948.557 1125.000 -86.603
v 2250.000 0.000 -86.603
v 1125.000 1948.557 86.603
v 1150.000 1991.858 0.000
v 1075.000 1861.955 86.603
v 1050.000 1818.653 0.000
v 1075.000 1861.955 -86.603
v 1125.000 1948.557 -86.603
v 0.000 2250.000 86.603
v 0.000 2300.000 0.000
v 0.000 2150.000 86.603
v 0.000 2150.000 -86.603
v 0.000 2250.000 -86.603
v -1125.000 1948.557 86.603
v -1150.000 1991.858 0.000
v -1075.000 1861.955 86.603
v -1050.000 1818.653 0.000
v -1075.000 1861.955 -86.603
v -1125.000 1948.557 -86.603
v -1948.557 1125.000 86.603
v -1991.858 1150.000 0.000
v -1861.955 1075.000 86.603
v -1818.653 1050.000 0.000
v -1861.955 1075.000 -86.603
v -1948.557 1125.000 -86.603
v -2250.000 0.000 86.603
v -2300.000 0.000 0.000
v -2150.000 0.000 86.603
v -2150.000 0.000 -86.603
v -2250.000 0.000 -86.603
v -1948.557 -1125.000 86.603
v -1991.858 -1150.000 0.000
v -1861.955 -1075.000 86.603
v -1818.653 -1050.000 0.000
v -1861.955 -1075.000 -86.603
v -1948.557 -1125.000 -86.603
v -1125.000 -1948.557 86.603
v -1150.000 -1991.858 0.000
v -1075.000 -1861.955 86.603
v -1050.000 -1818.653 0.000
v -1075.000 -1861.955 -86.603
v -1125.000 -1948.557 -86.603
v 0.000 -2250.000 86.603
v 0.000 -2300.000 0.000
v 0.000 -2150.000 86.603
v 0.000 -2150.000 -86.603
v 0.000 -2250.000 -86.603
v 1125.000 -1948.557 86.603
v 1150.000 -1991.858 0.000
v 1075.000 -1861.955 86.603
v 1050.000 -1818.653 0.000
v 1075.000 -1861.955 -86.603
v 1125.000 -1948.557 -86.603
v 1948.557 -1125.000 86.603
v 1991.858 -1150.000 0.000
v 1861.955 -1075.000 86.603
v 1818.653 -1050.000 0.000
v 1861.955 -1075.000 -86.603
v 1948.557 -1125.000 -86.603
v 100.435 -2073.089 0.000
v -99.939 -2073.221 0.000
v 0.000 -2100.000 -100.000
v 0.000 -2100.000 100.000
v 0.000 2100.000 -90.000
v 86.877 2076.721 0.000
v -89.573 2075.999 0.000
v 0.000 2100.000 100.000
v 2076.078 89.278 0.000
v 2076.050 -89.382 0.000
v 2100.000 0.000 90.000
v 2100.000 0.000 -90.000
v -2076.375 -88.169 0.000
v -2076.265 88.580 0.000
v -2100.000 0.000 90.000
v -2100.000 0.000 -90.000
vn 0.750 0.433 0.500
vn 0.000 0.000 1.000
vn 0.866 0.000 0.500
vn 0.000 0.000 1.000
vn 0.866 0.000 0.500
vn 0.866 0.000 -0.500
vn 0.750 0.433 0.500
vn 0.750 0.433 -0.500
vn 0.000 0.000 1.000
vn -0.750 -0.433 0.500
vn 0.000 0.000 1.000
vn -0.866 0.000 0.500
vn 0.047 0.715 0.697
vn 0.047 -0.715 0.698
vn -0.750 -0.433 0.500
vn -0.750 -0.433 -0.500
vn 0.000 0.000 -1.000
vn -0.750 -0.433 -0.500
vn 0.000 0.000 -1.000
vn -0.866 0.000 -0.500
vn 0.047 0.715 -0.697
vn 0.047 -0.715 -0.698
vn 0.000 0.000 -1.000
vn 0.750 0.433 -0.500
vn 0.000 0.000 -1.000
vn 0.866 0.000 -0.500
vn 0.433 0.750 0.500
vn 0.000 0.000 1.000
vn 0.433 0.750 0.500
vn 0.433 0.750 -0.500
vn 0.000 0.000 1.000
vn -0.433 -0.750 0.500
vn -0.433 -0.750 0.500
vn -0.433 -0.750 -0.500
vn -0.433 -0.750 -0.500
vn 0.000 0.000 -1.000
vn 0.000 0.000 -1.000
vn 0.433 0.750 -0.500
vn 0.000 0.866 0.500
vn 0.000 0.000 1.000
vn 0.000 0.866 0.500
vn 0.000 0.866 -0.500
vn 0.000 0.000 1.000
vn 0.000 -0.866 0.500
vn 0.763 0.167 0.624
vn -0.754 0.170 0.634
vn 0.000 0.000 -1.000
vn 0.000 -0.866 -0.500
vn -0.714 0.047 -0.698
vn 0.725 0.047 -0.687
vn 0.000 0.000 -1.000
vn 0.000 0.866 -0.500
vn -0.433 0.750 0.500
vn 0.000 0.000 1.000
vn -0.433 0.750 0.500
vn -0.433 0.750 -0.500
vn 0.000 0.000 1.000
vn 0.433 -0.750 0.500
vn 0.433 -0.750 0.500
vn 0.433 -0.750 -0.500
vn 0.000 0.000 -1.000
vn 0.433 -0.750 -0.500
vn 0.000 0.000 -1.000
vn -0.433 0.750 -0.500
vn -0.750 0.433 0.500
vn 0.000 0.000 1.000
vn -0.750 0.433 0.500
vn -0.750 0.433 -0.500
vn 0.000 0.000 1.000
vn 0.750 -0.433 0.500
vn 0.750 -0.433 0.500
vn 0.750 -0.433 -0.500
vn 0.750 -0.433 -0.500
vn 0.000 0.000 -1.000
vn 0.000 0.000 -1.000
vn -0.750 0.433 -0.500
vn -0.866 0.000 0.500
vn 0.000 0.000 1.000
vn -0.866 0.000 0.500
vn -0.866 0.000 -0.500
vn 0.000 0.000 1.000
vn 0.844 -0.226 0.487
vn -0.047 -0.720 0.693
vn -0.047 0.718 0.694
vn 0.844 0.226 0.487
vn 0.000 0.000 -1.000
vn 0.866 0.000 -0.500
vn -0.047 -0.720 -0.693
vn -0.047 0.718 -0.694
vn 0.000 0.000 -1.000
vn -0.866 0.000 -0.500
vn -0.750 -0.433 0.500
vn 0.000 0.000 1.000
vn -0.750 -0.433 0.500
vn -0.750 -0.433 -0.500
vn 0.000 0.000 1.000
vn 0.618 0.618 0.487
vn 0.844 0.226 0.487
vn 0.618 0.618 0.487
vn 0.750 0.433 -0.500
vn 0.844 0.226 0.487
vn 0.000 0.000 -1.000
vn 0.750 0.433 -0.500
vn 0.000 0.000 -1.000
vn -0.750 -0.433 -0.500
vn -0.433 -0.750 0.500
vn 0.000 0.000 1.000
vn -0.433 -0.750 0.500
vn -0.433 -0.750 -0.500
vn 0.000 0.000 1.000
vn 0.433 0.750 0.500
vn 0.433 0.750 0.500
vn 0.433 0.750 -0.500
vn 0.433 0.750 -0.500
vn 0.000 0.000 -1.000
vn 0.000 0.000 -1.000
vn -0.433 -0.750 -0.500
vn 0.000 -0.866 0.500
vn 0.000 0.000 1.000
vn 0.000 -0.866 0.500
vn 0.000 -0.866 -0.500
vn 0.000 0.000 1.000
vn 0.000 0.866 0.500
vn 0.718 -0.180 0.673
vn -0.719 -0.180 0.671
vn 0.000 0.000 -1.000
vn 0.000 0.866 -0.500
vn -0.719 -0.180 -0.671
vn 0.718 -0.180 -0.673
vn 0.000 0.000 -1.000
vn 0.000 -0.866 -0.500
vn 0.433 -0.750 0.500
vn 0.000 0.000 1.000
vn 0.433 -0.750 0.500
vn 0.433 -0.750 -0.500
vn 0.000 0.000 1.000
vn -0.433 0.750 0.500
vn -0.433 0.750 0.500
vn -0.433 0.750 -0.500
vn 0.000 0.000 -1.000
vn -0.433 0.750 -0.500
vn 0.000 0.000 -1.000
vn 0.433 -0.750 -0.500
vn 0.750 -0.433 0.500
vn 0.000 0.000 1.000
vn 0.750 -0.433 0.500
vn 0.750 -0.433 -0.500
vn 0.000 0.000 1.000
vn -0.750 0.433 0.500
vn -0.750 0.433 0.500
vn -0.750 0.433 -0.500
vn -0.750 0.433 -0.500
vn 0.000 0.000 -1.000
vn 0.000 0.000 -1.000
vn 0.750 -0.433 -0.500
vn -0.226 0.844 -0.487
vn 0.718 -0.180 -0.673
vn 0.718 -0.180 0.673
vn -0.226 0.844 0.487
vn 0.226 0.844 0.487
vn 0.226 0.844 -0.487
vn -0.719 -0.180 -0.671
vn -0.719 -0.180 0.671
vn -0.719 -0.180 -0.671
vn 0.718 -0.180 -0.673
vn 0.718 -0.180 0.673
vn -0.719 -0.180 0.671
vn -0.714 0.047 -0.698
vn 0.725 0.047 -0.687
vn -0.226 -0.844 -0.487
vn 0.725 0.047 -0.687
vn 0.763 0.167 0.624
vn -0.226 -0.844 0.487
vn 0.226 -0.844 0.487
vn -0.714 0.047 -0.698
vn 0.226 -0.844 -0.487
vn -0.754 0.170 0.634
vn 0.763 0.167 0.624
vn -0.754 0.170 0.634
vn 0.047 0.715 -0.697
vn -0.844 -0.226 -0.487
vn 0.047 0.715 0.697
vn -0.844 -0.226 0.487
vn -0.844 0.226 -0.487
vn -0.844 0.226 0.487
vn 0.047 -0.715 -0.698
vn 0.047 -0.715 0.698
vn 0.047 0.715 0.697
vn 0.047 -0.715 0.698
vn 0.047 0.715 -0.697
vn 0.047 -0.715 -0.698
vn -0.047 -0.720 -0.693
vn 0.844 0.226 -0.487
vn -0.047 -0.720 0.693
vn 0.844 0.226 0.487
vn 0.844 -0.226 -0.487
vn 0.844 -0.226 0.487
vn -0.047 0.718 -0.694
vn -0.047 0.718 0.694
vn -0.047 -0.720 0.693
vn -0.047 0.718 0.694
vn -0.047 -0.720 -0.693
vn -0.047 0.718 -0.694
f 104//249 105//251 106//253 107//255 
f 108//257 109//259 105//252 104//250 
f 113//271 114//273 112//267 111//265 
f 107//256 106//254 114//274 113//272 
f 115//275 104//249 107//255 116//277 
f 117//279 108//257 104//250 115//276 
f 118//281 110//263 108//258 117//280 
f 119//283 111//266 110//264 118//282 
f 120//285 113//271 111//265 119//284 
f 116//278 107//256 113//272 120//286 
f 121//287 115//275 116//277 122//289 
f 123//291 117//279 115//276 121//288 
f 125//299 120//285 119//284 124//295 
f 122//290 116//278 120//286 125//300 
f 126//301 121//287 122//289 127//303 
f 128//305 123//291 121//288 126//302 
f 131//311 125//299 124//295 130//309 
f 127//304 122//290 125//300 131//312 
f 132//313 126//301 127//303 133//315 
f 134//317 128//305 126//302 132//314 
f 135//319 129//307 128//306 134//318 
f 136//321 130//310 129//308 135//320 
f 137//323 131//311 130//309 136//322 
f 133//316 127//304 131//312 137//324 
f 138//325 132//313 133//315 139//327 
f 140//329 134//317 132//314 138//326 
f 142//338 137//323 136//322 141//334 
f 139//328 133//316 137//324 142//339 
f 143//340 138//325 139//327 144//342 
f 145//344 140//329 138//326 143//341 
f 148//352 142//338 141//334 147//350 
f 144//343 139//328 142//339 148//353 
f 149//354 143//340 144//342 150//356 
f 151//358 145//344 143//341 149//355 
f 152//360 146//347 145//345 151//359 
f 153//362 147//351 146//348 152//361 
f 154//364 148//352 147//350 153//363 
f 150//357 144//343 148//353 154//365 
f 155//366 149//354 150//356 156//368 
f 157//370 151//358 149//355 155//367 
f 159//378 154//364 153//363 158//374 
f 156//369 150//357 154//365 159//379 
f 160//380 155//366 156//368 161//382 
f 162//384 157//370 155//367 160//381 
f 165//390 159//378 158//374 164//388 
f 161//383 156//369 159//379 165//391 
f 166//392 160//380 161//382 167//394 
f 168//396 162//384 160//381 166//393 
f 169//398 163//386 162//385 168//397 
f 170//400 164//389 163//387 169//399 
f 171//402 165//390 164//388 170//401 
f 167//395 161//383 165//391 171//403 
f 105//251 166//392 167//394 106//253 
f 109//259 168//396 166//393 105//252 
f 114//273 171//402 170//401 112//267 
f 106//254 167//395 171//403 114//274 
f 152//360 151//359 157//371 173//408 
f 163//387 164//389 158//375 172//404 
f 153//362 152//361 173//409 158//375 
f 173//410 174//412 158//376 
f 172//405 158//377 174//413 
f 172//406 175//414 157//372 
f 175//415 173//411 157//373 
f 162//385 163//386 172//407 157//371 
f 119//283 118//282 177//418 124//296 
f 128//306 129//307 178//422 123//292 
f 176//416 178//423 124//297 
f 124//298 177//419 176//417 
f 124//296 178//424 129//308 130//310 
f 179//426 177//420 123//293 
f 123//294 178//425 179//427 
f 123//292 177//421 118//281 117//280 
f 170//400 169//399 181//432 112//268 
f 169//398 168//397 109//260 181//433 
f 183//438 180//428 112//269 
f 112//270 181//434 183//439 
f 112//268 180//429 110//264 111//266 
f 109//261 180//430 182//436 
f 182//437 181//435 109//262 
f 108//258 110//263 180//431 109//260 
f 136//321 135//320 185//444 141//335 
f 135//319 134//318 140//330 185//445 
f 187//450 184//440 141//336 
f 141//337 185//446 187//451 
f 141//335 184//441 146//348 147//351 
f 140//331 184//442 186//448 
f 186//449 185//447 140//332 
f 145//346 146//349 184//443 140//333 
